251
85
89
48
81
398
34
81
48
81
81
57
81
209
48
48
39
81
81
30
81
81
75
87
297
81
283
262
263
81
110
276
270
87
297
73
89
75
93
30
81
81
81
30
81
46
81
24
81
81
81
81
81
81
81
362
56
53
30
175
81
23
81
33
81
30
45
21
24
42
81
23
44
33
30
18
23
7
23
81
81
42
81
27
13
30
34
30
81
34
396
81
34
81
48
81
81
81
81
81
81
81
81
81
81
81
81
81
81
81
23
81
81
81
81
18
36
81
81
81
81
81
81
12
81
81
203
48
81
81
81
24
10
37
81
23
25
81
81
81
81
168
30
81
48
81
168
30
48
33
81
81
191
5
81
28
48
20
81
48
34
81
33
81
81
81
196
256
81
46
24
147
30
81
188
23
81
81
8
81
48
81
30
81
81
21
30
81
81
48
240
48
30
81
46
33
48
81
81
81
81
172
37
14
48
169
48
81
62
81
20
30
81
376
81
168
33
81
47
4
34
81
81
81
12
81
37
34
81
12
81
81
81
34
48
56
81
81
287
81
81
134
30
51
12
48
81
81
81
81
48
13
48
48
81
48
81
81
48
81
46
30
48
81
26
30
48
19
221
81
81
34
81
30
58
81
30
42
81
44
46
81
48
81
30
30
30
81
30
81
223
81
30
34
81
81
203
81
48
30
189
364
58
46
183
30
48
81
229
81
81
81
108
81
55
81
81
57
30
20
30
81
24
81
81
30
30
30
48
30
81
34
48
34
48
46
203
34
59
190
284
30
81
48
384
81
362
7
34
81
48
48
40
48
175
34
81
147
81
48
34
81
30
30
48
81
48
190
60
25
81
36
30
48
23
81
81
81
30
48
81
176
30
81
37
48
30
362
48
30
257
81
81
150
48
30
48
366
81
81
48
48
48
30
81
81
81
81
81
81
48
30
81
30
30
81
30
30
81
30
81
161
34
81
81
20
60
81
364
48
190
30
36
81
30
30
81
81
7
81
81
81
246
324
81
48
30
30
30
30
30
150
189
81
30
48
227
300
30
190
58
30
34
42
30
30
23
149
81
57
176
190
81
34
30
122
232
81
30
60
81
379
81
30
81
46
37
30
48
81
48
134
30
48
81
305
30
30
48
30
81
33
81
48
124
165
81
212
30
134
230
215
81
12
81
48
320
30
55
149
30
195
48
50
286
48
30
81
32
30
29
30
190
48
361
30
44
3
213
81
176
367
46
364
81
275
30
30
81
30
372
28
48
387
81
48
81
30
30
340
30
81
195
81
227
373
141
81
347
147
364
184
30
362
48
30
227
227
227
81
30
13
81
257
221
48
81
81
30
362
81
30
60
81
46
81
48
159
81
30
81
48
81
140
30
81
30
227
81
81
48
81
363
81
48
220
81
30
81
30
171
81
20
37
30
48
30
81
361
30
134
30
81
30
145
81
30
30
30
81
81
81
20
48
175
314
190
81
150
30
230
170
144
81
364
227
48
334
30
156
30
376
34
81
205
358
30
305
161
317
30
317
326
81
48
20
195
30
286
48
48
81
81
30
30
30
81
175
24
81
190
171
160
174
174
204
81
48
255
81
305
134
81
81
43
81
361
390
367
248
293
30
299
110
364
48
48
142
332
175
227
251
252
85
95
227
252
88
4
277
81
11
48
37
4
46
48
81
81
81
48
21
81
37
81
81
48
48
48
48
63
81
48
4
48
81
48
287
81
48
48
48
48
48
4
81
48
81
81
4
48
81
4
48
48
249
81
48
81
48
4
27
81
48
55
48
48
81
48
81
81
4
48
81
48
81
48
287
81
81
48
63
287
4
4
48
4
287
48
48
48
48
81
81
81
81
4
60
7
48
81
48
55
48
4
81
48
81
4
48
48
81
48
81
48
287
81
81
38
48
4
48
48
81
48
48
48
81
81
81
4
48
81
4
81
81
81
81
48
81
4
48
4
287
81
4
287
60
48
48
81
287
38
48
81
296
4
81
287
287
4
4
48
287
48
81
63
287
48
81
48
48
63
287
81
60
287
4
81
48
81
48
81
81
48
48
48
48
4
81
4
48
48
81
81
43
48
81
42
287
81
48
48
48
53
287
48
81
287
81
48
81
81
287
81
81
81
48
287
48
4
58
81
287
287
48
48
81
4
48
55
287
287
344
287
81
287
81
81
4
287
4
81
81
81
81
4
227
4
81
81
287
48
4
48
48
4
81
23
287
81
4
287
287
81
81
287
23
81
38
81
4
4
81
81
4
4
4
24
4
48
48
48
48
81
4
81
48
81
48
77
4
287
13
287
30
48
81
81
48
81
287
227
81
30
81
48
94
81
208
248
48
299
140
166
317
152
341
73
89
91
85
251
178
283
99
93
87
174
283
36
228
92
99
73
91
251
100
178
282
175
48
366
48
134
86
30
98
372
248
100
298
74
88
251
298
88
86
96
252
84
282
30
86
0
0
98
0
0
81
30
86
86
252
84
298
88
74
84
96
298
74
88
98
41
248
100
282
81
4
116
23
81
81
81
26
26
364
48
48
26
81
48
86
30
251
100
178
95
73
91
283
208
92
99
87
174
37
283
99
100
94
89
91
48
55
41
25
48
81
81
260
48
48
305
81
203
335
287
48
269
48
48
237
81
48
169
48
362
48
267
30
287
127
34
94
248
88
95
85
252
227
96
251
252
85
30
86
81
15
299
362
110
380
376
48
190
48
237
93
100
248
68
73
75
87
297
106
79
283
270
276
87
297
89
75
251
85
74
91
100
94
178
88
174
0
0
283
99
92
174
283
18
18
4
4
81
48
18
81
4
16
81
12
18
12
4
18
81
81
18
18
18
18
26
18
18
18
18
18
18
18
5
23
23
18
18
18
12
18
18
23
18
18
23
23
23
18
23
18
18
18
18
23
23
18
18
63
18
18
23
18
18
18
23
81
52
18
81
81
81
81
81
81
81
81
23
81
8
13
81
22
81
4
81
18
287
12
18
4
4
18
81
18
81
81
81
81
4
81
81
8
13
81
13
18
4
81
18
13
4
23
81
18
81
81
81
81
81
4
53
55
60
81
81
81
4
81
18
81
81
48
48
48
13
12
18
4
18
81
53
55
8
4
12
23
4
18
48
4
55
48
81
4
4
4
18
12
48
48
23
13
48
20
13
81
398
46
10
81
48
48
48
48
34
81
81
6
35
81
60
34
34
56
287
48
53
81
81
7
81
203
81
33
209
60
34
33
30
39
36
30
81
52
203
48
50
81
209
81
48
81
48
6
20
81
48
81
73
91
100
252
174
94
297
86
30
98
208
298
74
89
84
283
96
85
75
88
74
84
96
282
30
86
282
4
107
227
98
4
4
195
48
190
189
74
89
73
66
87
297
87
298
252
91
75
93
110
110
110
110
110
110
37
110
66
201
402
401
70
69
72
81
2
291
81
290
64
81
224
292
81
81
81
288
64
81
277
48
48
278
207
207
289
58
224
223
257
178
95
85
283
89
74
95
99
96
85
81
1
1
48
48
48
1
174
48
1
1
1
48
1
362
48
1
1
27
147
135
159
1
237
1
142
195
48
190
179
151
1
48
240
1
48
1
1
48
1
48
145
175
1
169
185
188
1
48
183
1
190
159
170
169
189
1
1
48
383
186
168
146
48
1
191
1
180
60
1
48
175
1
338
145
150
1
190
171
168
1
1
183
48
48
151
48
191
182
1
190
48
1
150
184
1
153
48
1
154
150
184
140
174
1
1
48
191
149
1
1
364
93
81
81
81
81
81
81
56
81
81
81
81
81
81
81
81
81
81
81
23
18
22
23
81
4
12
18
17
4
18
81
12
12
12
18
12
12
18
27
23
26
18
15
18
16
81
12
12
81
287
23
18
81
12
81
12
81
58
30
48
81
4
81
18
81
63
48
248
87
87
30
81
81
140
81
81
307
81
171
48
81
342
342
48
342
342
342
342
342
342
342
342
342
342
81
81
342
81
342
342
342
203
342
342
81
48
146
48
48
48
190
81
81
81
48
93
190
168
66
259
98
95
99
252
96
85
89
74
178
95
85
81
287
4
81
4
60
48
4
81
81
4
81
56
81
81
81
81
81
81
81
81
81
81
81
18
81
81
81
81
60
26
81
4
206
18
81
81
81
18
81
81
13
81
81
4
81
81
63
81
81
48
93
20
27
114
81
26
81
48
21
24
33
4
4
30
7
81
13
81
60
10
4
223
12
12
81
4
48
22
81
37
37
47
47
48
14
7
30
30
33
35
81
19
81
24
13
4
81
58
13
8
22
48
60
223
20
48
81
20
7
18
27
48
8
60
13
48
42
81
48
48
38
81
81
23
48
48
30
48
81
13
48
81
48
48
8
48
31
81
5
34
13
20
30
81
20
48
30
81
48
4
81
36
81
48
30
13
34
30
81
58
48
30
30
48
10
30
81
8
81
30
48
48
48
48
24
48
48
48
20
43
48
30
81
8
30
81
24
48
48
81
81
81
13
27
48
13
4
30
81
5
36
20
248
394
110
110
176
169
110
110
110
110
110
317
48
372
89
75
252
87
298
88
297
248
78
74
89
73
282
66
301
98
81
48
65
83
297
282
30
87
84
96
75
88
74
84
283
96
85
298
74
88
98
297
86
30
100
251
174
94
73
91
283
224
63
11
48
124
175
191
385
247
190
169
171
48
20
16
48
167
197
48
48
182
48
234
168
195
359
48
382
48
53
48
312
48
48
191
146
232
150
48
169
361
48
48
48
175
191
48
48
48
178
189
140
48
190
190
190
168
127
197
48
191
150
4
269
48
191
48
149
48
48
146
48
195
169
185
190
48
191
183
48
395
348
351
395
174
248
99
92
88
174
251
178
73
91
282
30
87
282
96
84
99
95
88
74
298
96
84
74
89
298
98
66
93
86
30
297
178
252
100
91
73
349
351
350
395
345
346
395
81
81
48
298
174
99
92
37
248
174
94
178
100
251
91
74
200
98
48
382
202
126
202
202
124
48
175
244
178
170
48
244
48
48
48
48
169
48
152
244
151
48
305
146
282
30
60
25
81
176
81
28
188
81
191
48
53
156
81
48
34
81
34
46
27
81
5
7
16
81
161
25
42
57
34
27
6
55
81
203
34
81
81
34
23
30
33
81
13
81
81
23
190
81
12
81
30
364
81
81
21
81
81
81
48
81
169
81
13
109
81
54
158
37
23
44
11
30
46
81
81
42
30
4
81
81
81
81
48
195
187
81
81
20
61
81
37
81
81
188
34
37
12
48
36
168
27
30
34
81
81
81
145
156
81
81
81
81
81
44
81
358
161
20
48
132
153
55
30
30
81
81
81
81
189
81
16
161
42
81
362
44
81
34
44
30
30
81
13
48
81
81
81
30
81
40
81
81
81
189
48
81
81
81
54
160
48
152
81
37
81
147
4
190
81
81
81
12
81
57
81
30
81
81
81
81
46
48
203
20
355
81
48
81
51
81
4
190
81
81
81
126
48
48
81
81
48
190
81
81
180
312
169
81
81
81
60
36
48
48
360
34
4
48
81
169
81
48
30
81
34
54
158
16
30
81
81
81
81
81
81
81
81
81
59
57
48
81
44
30
34
81
364
48
42
81
81
81
81
81
81
48
81
362
81
256
203
81
13
81
43
53
81
30
81
81
81
48
81
81
374
81
81
203
30
30
81
48
81
28
20
81
81
20
4
161
309
27
81
81
16
81
81
81
81
48
81
81
30
81
81
52
48
81
81
203
20
48
81
4
81
231
81
203
18
4
190
81
364
42
182
81
30
30
30
48
33
24
34
183
60
48
81
81
81
33
30
387
48
4
126
45
53
46
178
28
81
81
324
48
48
81
46
4
48
81
57
81
81
33
34
81
30
56
30
48
34
34
37
30
4
30
246
176
33
150
30
203
30
372
81
261
30
48
37
12
189
48
48
244
81
37
48
34
191
81
187
227
81
81
81
81
51
81
140
39
81
57
34
48
361
48
58
81
30
81
170
81
188
48
48
4
47
81
81
171
81
188
244
373
55
301
34
317
312
203
48
81
81
81
30
48
174
34
158
363
81
48
175
81
18
81
81
81
30
81
24
30
81
364
81
81
81
81
48
362
81
48
30
227
81
23
30
35
30
81
388
30
81
34
30
48
81
30
4
33
81
81
48
30
48
273
212
48
48
30
48
180
81
46
46
48
81
323
81
25
389
134
30
81
355
227
364
81
81
30
34
190
215
81
134
81
81
367
81
81
108
34
286
175
34
30
37
13
81
81
137
48
134
24
4
48
81
273
8
81
364
81
48
13
48
81
37
364
220
81
34
81
81
13
81
60
48
227
195
81
154
10
161
81
81
48
48
227
37
30
13
13
362
161
361
81
364
34
30
30
183
33
227
307
48
81
150
48
171
54
364
81
370
30
18
81
30
227
30
30
170
81
81
81
81
134
136
37
36
81
13
81
30
30
30
30
48
81
81
81
276
214
30
30
30
81
37
362
42
30
81
81
227
30
81
81
81
376
30
185
48
30
366
269
30
364
271
81
81
48
48
81
221
140
130
30
30
188
81
161
355
34
81
81
48
227
149
232
358
30
46
48
17
182
285
227
30
168
48
4
81
81
190
42
355
314
20
30
81
81
390
81
257
30
328
48
48
30
58
134
81
81
81
370
30
33
376
178
81
81
203
353
307
48
48
81
81
81
161
81
48
81
81
37
81
12
81
49
48
134
81
81
81
81
175
232
26
362
150
81
317
168
158
34
241
203
186
81
81
287
48
30
356
362
81
81
33
30
48
48
317
46
188
81
30
30
30
53
81
81
81
319
318
135
362
81
51
48
137
81
81
81
137
30
48
30
119
81
140
48
188
81
356
48
48
388
169
321
57
362
191
81
81
309
134
379
81
81
332
81
81
48
13
300
81
120
30
81
55
46
81
81
361
81
30
48
81
4
271
134
158
256
81
122
389
81
81
227
30
362
48
30
30
81
30
145
43
48
48
48
48
150
48
48
194
30
48
388
244
364
161
309
48
48
81
314
81
81
81
387
81
81
81
34
149
367
58
384
81
81
174
327
191
364
196
30
30
81
30
30
48
191
48
26
30
81
223
364
23
48
81
24
4
60
81
18
55
33
48
30
30
134
81
34
30
364
25
81
24
389
81
362
372
48
339
48
150
81
81
270
361
180
81
210
81
30
30
48
48
175
4
364
366
30
317
81
48
34
340
307
195
81
81
30
48
275
220
48
81
81
30
158
30
13
305
48
81
176
363
182
364
30
190
81
81
170
81
30
48
264
203
81
390
362
203
216
147
366
30
30
81
190
30
271
367
187
362
48
182
48
48
48
76
81
235
46
310
81
81
81
168
362
81
81
233
4
196
134
81
190
81
246
183
81
146
81
76
30
376
357
81
37
30
56
81
48
175
171
391
48
362
353
364
48
362
81
81
30
56
231
48
81
30
48
24
160
30
362
189
317
203
48
54
24
48
81
81
221
81
160
275
269
48
286
8
48
160
233
183
175
174
191
188
158
57
81
169
347
305
364
370
48
134
48
81
81
81
178
81
362
376
48
50
134
183
30
391
48
81
81
81
81
185
281
81
4
30
30
27
81
48
30
81
134
81
125
170
196
30
215
27
179
124
4
174
81
182
48
18
81
276
81
81
362
40
147
135
30
48
4
370
195
81
20
231
34
48
53
45
48
20
319
81
81
254
20
169
166
302
364
81
12
326
23
362
146
81
215
81
48
174
324
367
183
48
48
30
81
30
48
81
134
367
357
183
81
81
81
191
48
376
365
196
190
81
30
317
244
222
203
81
48
275
4
362
358
231
48
48
191
211
51
314
48
30
81
273
244
375
30
372
353
43
372
305
195
81
178
147
227
48
81
81
81
362
134
10
30
190
149
30
48
314
81
81
81
338
134
7
30
364
81
81
168
48
275
81
147
30
150
81
81
30
14
48
214
358
191
48
81
81
170
81
275
364
358
48
81
354
364
48
48
81
182
81
389
170
33
48
48
286
48
13
58
81
48
30
48
43
34
169
75
85
252
95
99
283
85
84
227
95
63
11
48
124
175
191
385
247
190
48
169
48
169
20
16
48
167
197
48
48
182
48
234
168
195
48
382
48
53
48
312
48
48
191
146
232
150
169
48
169
48
48
48
48
175
191
48
48
48
178
140
48
190
190
190
168
127
197
48
191
150
4
269
48
191
48
149
48
48
146
48
195
169
185
190
48
191
183
48
213
48
242
152
122
48
48
48
265
378
30
48
190
175
48
150
145
147
48
48
130
139
140
174
48
274
180
387
388
168
184
48
48
237
169
147
48
161
139
48
248
199
93
43
7
8
4
13
60
47
81
24
48
19
24
18
22
47
12
48
20
42
43
81
35
30
24
30
34
8
30
22
14
33
30
48
223
13
81
37
81
48
48
17
81
27
113
37
223
48
48
81
48
13
81
81
81
48
48
48
48
48
81
81
38
23
13
48
48
48
48
48
48
48
81
48
48
4
81
48
48
24
48
30
58
60
46
7
48
48
30
4
30
48
81
81
48
81
21
26
48
48
81
4
81
31
48
5
223
81
22
13
30
23
81
81
33
60
30
48
30
10
4
13
81
13
13
4
81
60
48
33
24
8
81
24
12
81
4
81
60
81
25
92
75
91
298
87
92
297
174
88
75
89
178
178
94
73
89
297
174
88
48
237
48
317
48
214
380
48
242
58
10
149
128
157
55
81
48
180
209
48
195
54
150
48
141
48
28
126
26
209
48
333
143
48
48
140
332
48
48
48
215
34
103
183
48
179
81
26
30
4
55
172
169
362
48
362
189
158
48
314
254
343
343
48
314
48
190
48
48
48
48
48
48
138
48
48
180
48
173
366
48
246
54
387
317
30
127
48
214
81
48
183
48
51
314
48
385
48
170
48
237
197
60
81
48
48
196
48
48
48
150
48
134
170
48
128
140
309
48
158
126
325
48
48
190
179
48
48
48
124
48
48
30
52
37
158
176
146
317
48
104
214
190
48
265
316
48
48
145
80
80
48
48
190
314
48
48
236
48
48
305
81
48
48
170
48
334
9
161
175
179
331
193
48
195
182
48
48
60
190
55
56
48
60
48
48
48
48
48
48
209
269
134
48
314
194
48
134
191
184
244
57
48
48
46
335
48
48
190
48
48
195
146
48
308
167
48
398
398
398
52
398
10
237
48
54
160
168
167
48
183
48
142
170
48
48
48
48
131
333
48
48
168
48
330
264
171
48
188
305
330
152
363
322
48
48
48
48
180
48
48
48
369
30
172
179
261
48
48
25
48
48
48
366
175
81
172
48
196
48
359
48
266
175
175
386
81
240
169
128
48
317
48
189
48
48
398
127
384
48
151
48
364
48
158
48
182
48
48
389
81
140
48
76
244
48
48
49
48
52
4
171
385
105
60
179
128
374
48
140
381
30
314
81
123
60
179
191
134
316
145
157
170
48
48
48
60
328
48
48
165
48
125
209
48
169
184
297
87
92
75
91
81
342
342
203
342
190
17
342
203
115
81
203
117
191
203
4
81
203
20
342
27
20
48
342
189
342
342
342
203
30
376
372
186
150
81
81
370
342
342
48
257
81
22
342
248
190
93
297
283
85
84
227
95
85
252
95
99
75
294
98
1
314
81
1
203
1
1
1
1
1
97
236
1
1
1
48
81
48
386
1
81
1
1
1
195
1
1
158
169
1
1
1
1
1
1
1
1
1
1
1
1
1
1
1
1
1
1
1
1
1
1
1
1
1
1
1
1
310
1
1
48
147
364
370
48
389
176
158
144
48
48
63
178
311
191
361
150
381
328
48
48
246
282
398
93
91
73
74
94
178
100
251
174
99
92
66
48
248
298
174
81
395
350
351
349
348
395
346
345
395
48
81
110
132
372
48
317
364
324
324
283
66
66
13
48
66
46
48
73
178
94
252
100
86
30
282
98
24
74
89
298
84
88
74
75
84
95
30
87
282
82
225
112
225
98
282
275
354
363
367
367
353
368
353
364
368
364
385
81
81
366
366
367
367
371
398
248
55
48
30
48
25
335
81
231
129
60
81
34
81
48
48
48
81
48
145
128
48
48
244
81
287
55
8
381
48
384
123
48
287
182
48
227
269
53
48
48
48
30
94
252
86
95
298
85
252
227
95
48
382
202
126
202
190
124
48
175
328
178
170
180
48
124
244
48
48
48
48
169
48
152
244
151
48
305
146
248
190
366
100
93
98
48
48
4
75
89
95
178
174
297
87
297
30
87
93
99
91
75
89
275
66
94
98
81
81
81
42
23
301
81
174
384
27
128
81
135
81
4
322
81
149
197
30
81
20
81
81
81
81
81
312
165
48
102
398
48
150
362
149
188
48
183
48
171
180
150
276
48
48
48
153
150
48
48
174
48
48
48
305
273
48
48
48
48
48
168
48
62
170
307
124
175
134
246
48
48
135
48
48
160
48
197
169
191
189
285
48
145
48
183
158
386
352
169
175
168
307
147
137
169
48
125
48
169
130
48
160
48
48
158
158
178
245
176
169
125
150
48
53
170
195
333
171
48
188
169
158
125
182
244
168
179
48
312
48
171
140
48
158
170
168
48
171
48
174
161
145
191
48
48
169
175
191
48
48
188
71
171
48
48
337
232
134
182
48
168
179
48
174
133
119
169
195
48
320
167
393
48
187
159
150
191
48
48
376
48
86
282
96
84
298
251
84
96
227
74
86
282
178
94
100
251
91
75
73
34
46
33
35
81
81
81
81
30
81
42
81
283
81
186
183
174
99
93
283
174
94
178
85
91
73
91
73
94
178
251
85
174
297
99
92
283
174
92
398
398
81
81
283
66
81
4
81
81
81
81
81
81
81
81
81
81
81
91
75
73
178
95
100
251
86
30
282
118
98
74
88
298
251
84
96
227
88
298
96
86
398
102
185
48
169
168
140
364
175
138
130
236
48
149
175
183
48
239
130
183
129
184
317
48
48
390
48
48
307
195
244
190
48
158
48
119
48
127
334
48
311
48
121
71
308
48
178
191
48
175
195
150
246
316
268
179
190
183
359
127
356
142
48
165
196
86
282
94
98
81
81
81
362
81
34
23
81
81
81
81
48
34
81
81
54
238
81
48
81
81
81
81
34
48
81
81
231
81
30
81
81
81
81
146
81
81
81
81
81
30
81
81
81
81
81
81
81
81
81
81
81
81
81
161
81
362
81
81
122
135
81
81
81
356
146
81
81
81
81
312
30
81
48
81
81
81
364
176
48
257
174
185
81
172
81
246
168
195
314
81
358
170
81
180
81
81
81
272
188
316
81
203
81
151
48
81
27
191
91
75
89
48
255
51
48
38
26
48
48
37
36
165
244
48
48
30
48
48
55
48
48
170
169
182
48
183
206
151
203
42
176
177
169
191
175
175
170
48
239
168
48
48
48
48
48
48
158
48
236
246
48
30
48
48
130
370
181
162
174
48
169
170
48
175
268
393
128
48
51
48
48
48
383
147
140
190
148
48
377
171
169
48
48
196
244
185
153
183
48
126
237
165
189
240
149
136
188
168
246
335
48
197
48
37
174
316
182
171
175
244
124
241
175
48
190
48
48
183
169
175
168
48
48
189
123
183
239
198
48
149
48
48
146
48
145
386
48
174
40
140
191
176
143
197
175
172
168
134
188
63
388
171
160
174
169
48
183
314
377
140
182
146
169
188
48
190
142
137
191
134
169
196
48
169
165
168
134
170
189
145
34
170
169
190
180
48
168
48
168
189
186
176
152
168
168
149
175
169
174
190
145
169
136
168
149
30
48
152
48
169
130
398
398
184
184
134
48
182
55
336
306
171
191
168
175
48
5
175
191
189
150
244
176
156
175
244
190
48
180
184
156
168
236
184
169
178
169
180
338
168
134
176
93
99
297
30
87
174
297
87
95
178
75
89
248
371
100
93
98
116
142
4
147
4
48
48
4
329
362
48
85
252
227
96
298
252
84
86
95
99
183
30
48
145
246
58
48
174
48
48
188
363
48
48
244
310
48
48
195
136
48
139
186
358
149
188
336
140
48
384
338
303
191
189
248
122
48
364
182
130
151
56
185
175
197
196
122
48
140
315
185
237
185
124
81
386
169
360
93
282
292
292
292
292
292
292
292
292
292
292
292
292
292
292
290
290
290
290
290
290
290
290
290
290
290
290
290
290
284
284
284
284
284
284
284
284
284
284
284
284
284
284
274
274
274
274
274
274
274
274
274
274
274
274
274
274
163
163
163
163
163
163
163
163
163
163
163
163
163
163
181
181
181
181
181
181
181
181
181
181
181
181
181
181
181
291
291
291
291
291
291
291
291
291
291
291
291
291
289
289
289
289
289
289
289
289
289
289
289
289
289
289
289
113
113
113
113
113
113
113
113
113
113
113
113
113
148
148
148
148
148
148
148
148
148
148
148
148
148
105
105
105
105
105
105
105
105
105
105
105
105
105
259
259
259
259
259
259
259
259
259
259
259
259
259
259
259
226
226
226
226
226
226
226
226
226
226
226
226
226
250
250
250
250
250
250
250
250
250
250
250
250
250
204
204
204
204
204
204
204
204
204
204
204
204
204
295
295
295
295
295
295
295
295
295
295
295
177
177
177
177
177
177
177
177
177
177
177
177
177
177
401
401
401
401
401
401
401
401
401
401
401
401
401
401
9
9
9
9
9
9
9
9
9
9
9
9
9
9
245
245
245
245
245
245
245
245
245
245
245
245
245
245
245
79
79
79
79
79
79
79
79
79
79
79
321
321
321
321
321
321
321
321
321
321
321
321
321
321
313
313
313
313
313
313
313
313
313
313
313
313
313
302
302
302
302
302
302
302
302
302
302
302
302
302
201
201
201
201
201
201
201
201
201
201
201
201
201
201
216
216
216
216
216
216
216
216
216
216
216
216
216
3
3
3
3
3
3
3
3
3
3
3
3
3
281
281
281
281
281
281
281
281
281
281
281
281
281
281
281
288
288
288
288
288
288
288
288
288
288
288
288
70
70
70
70
70
70
70
70
70
70
70
70
70
70
193
193
193
193
193
193
193
193
193
193
193
193
193
193
339
339
339
339
339
339
339
339
339
339
339
339
339
339
199
199
199
199
199
199
199
199
199
199
199
199
199
199
199
329
329
329
329
329
329
329
329
329
329
329
329
329
329
263
263
263
263
263
263
263
263
263
263
263
263
263
263
112
112
112
112
112
112
112
112
112
112
112
112
112
112
112
83
83
83
83
83
83
83
83
83
83
83
83
83
162
162
162
162
162
162
162
162
162
162
162
162
162
97
97
97
97
97
97
97
97
97
97
97
97
97
315
315
315
315
315
315
315
315
315
315
315
325
325
325
325
325
325
325
325
325
325
325
325
325
2
2
2
2
2
2
2
2
2
2
2
262
262
262
262
262
262
262
262
262
262
262
262
262
262
262
72
72
72
72
72
72
72
72
72
72
72
72
29
29
29
29
29
29
29
29
29
29
29
365
365
365
365
365
365
365
365
365
365
365
365
365
365
365
65
65
65
65
65
65
65
65
65
65
65
65
65
32
32
32
32
32
32
32
32
32
32
32
32
32
32
211
211
211
211
211
211
211
211
211
211
211
211
211
211
211
69
69
69
69
69
69
69
69
69
69
69
69
69
115
115
115
115
115
115
115
115
115
115
115
115
115
267
267
267
267
267
267
267
267
267
267
267
267
267
267
331
331
331
331
331
331
331
331
331
331
331
331
394
394
394
394
394
394
394
394
394
394
394
394
394
394
394
198
198
198
198
198
198
198
198
198
198
198
198
369
369
369
369
369
369
369
369
369
369
369
369
369
369
369
205
205
205
205
205
205
205
205
205
205
205
205
205
260
260
260
260
260
260
260
260
260
260
260
260
260
120
120
120
120
120
120
120
120
120
120
120
278
278
278
278
278
278
278
278
278
278
278
278
278
306
306
306
306
306
306
306
306
306
306
306
306
306
219
219
219
219
219
219
219
219
219
219
219
219
219
219
327
327
327
327
327
327
327
327
327
327
327
327
200
200
200
200
200
200
200
200
200
200
200
200
200
200
78
78
78
78
78
78
78
78
78
78
78
78
78
78
117
117
117
117
117
117
117
117
117
117
117
266
266
266
266
266
266
266
266
266
266
266
266
266
106
106
106
106
106
106
106
106
106
106
106
106
106
106
229
229
229
229
229
229
229
229
229
229
229
229
114
114
114
114
114
114
114
114
114
114
114
114
114
293
293
293
293
293
293
293
293
293
293
293
103
103
103
103
103
103
103
103
103
103
103
103
103
103
103
402
402
402
402
402
402
402
402
402
402
402
402
402
402
104
104
104
104
104
104
104
104
104
104
104
104
104
104
104
235
235
235
235
235
235
235
235
235
235
235
235
235
235
235
238
238
238
238
238
238
238
238
238
238
238
238
238
238
210
210
210
210
210
210
210
210
210
210
210
210
210
341
341
341
341
341
341
341
341
341
341
341
341
341
341
341
109
109
109
109
109
109
109
109
109
109
109
109
109
344
344
344
344
344
344
344
344
344
344
344
344
82
82
82
82
82
82
82
82
82
82
82
82
82
82
352
352
352
352
352
352
352
352
352
352
352
352
323
323
323
323
323
323
323
323
323
323
323
323
323
323
222
222
222
222
222
222
222
222
222
222
222
222
222
222
222
118
118
118
118
118
118
118
118
118
118
118
118
118
118
294
294
294
294
294
294
294
294
294
294
294
294
294
397
397
397
397
397
397
397
397
397
397
397
397
397
397
397
218
218
218
218
218
218
218
218
218
218
218
218
218
249
249
249
249
249
249
249
249
249
249
249
249
249
249
68
68
68
68
68
68
68
68
68
68
68
68
68
68
303
303
303
303
303
303
303
303
303
303
303
303
303
121
121
121
121
121
121
121
121
121
121
121
121
378
378
378
378
378
378
378
378
378
378
378
378
378
